101110010101100010101010101010110100
101000010101011010101010111010011001
010100010101010001001011111010100010
101110010101100010101010101010110100
101000010101011010101010111010011001
010100010101010001001011111010100010
010111101010101100101010110111010101
010111010101011001100010101011111010
101110010101100010101010101010110100
101000010101011010101010111010011001
010100010101010001001011111010100010
010111101010101100101010110111010101
010111010101011001100010101011111010
010100010101010001001011111010100010
101110010101100010101010101010110100
101000010101011010101010111010011001
010100010101010001001011111010100010
010111101010101100101010110111010101
010111010101011001100010101011111010